0
2816
7424
12800
18432
25088
73728
82688
90368
90624
90880
91136
91392
91648
91904
92160
92416
92672
92928
93184
93440
93696
93952
94208
94464
94720
94976
95232
95488
95744
96000
96256
96512
96768
97024
97280
97792
98048
98304
98560
98816
99072
100096
101632
101888
102144
102400
102656
102912
103168
103424
103680
103936
104192
104448
104704
104960
105216
105472
105728
105984
106240
106496
106752
107008
107264
107520
107776
108032
108288
108544
108800
109056
109312
109568
109824
110080
110336
110592
110848
111104
111360
111616
111872
112128
112384
112640
112896
113152
113408
113664
113920
114176
114432
114688
114944
115200
115456
115712
115968
116224
116480
116736
116992
117248
117504
117760
118016
118272
118528
118784
119040
119296
119552
119808
120064
120320
120832
121088
121344
121856
122112
122624
122880
124416
124672
124928
125184
125440
125696
125952
126208
126464
126720
126976
127232
127488
127744
128000
128256
128512
129536
129792
130048
130304
130560
131072
131328
131584
131840
132096
132352
132864
133120
133376
133632
133888
134144
134656
134912
135168
135424
135680
135936
136192
136448
136704
136960
137216
137472
137728
137984
138240
138496
138752
139008
139264
139520
139776
140032
140288
140544
140800
141056
141824
142080
142336
142592
142848
143104
144128
144384
144640
144896
145152
145664
146688
147712
147968
148224
151296
151552
152832
153088
153344
153600
153856
154112
154368
154624
154880
155136
155392
155648
155904
156672
156928
162560
162816
163072
163328
163584
163840
164096
165376
165632
165888
166144
166400
166656
166912
167168
167424
167680
167936
168192
168448
168704
168960
169216
169472
169728
171776
172032
172288
173312
173568
176384
176640
176896
177152
177408
177664
177920
178176
178432
178688
178944
179200
179456
179712
179968
180224
180480
180736
181248
181504
181760
182016
182272
182528
182784
183040
183296
183808
184320
184832
185088
185344
185600
185856
186112
186368
186624
186880
187136
187392
187904
188160
188672
188928
189184
189440
189696
189952
190464
190720
190976
191232
191488
191744
192000
192256
192512
192768
193024
194048
194304
194560
194816
195072
195328
195584
195840
196096
196352
197120
197376
197632
197888
198144
198400
198656
198912
199168
199424
199680
200192
200448
200704
201216
201472
201728
201984
202240
202496
202752
203008
203264
203520
203776
204032
204288
204544
204800
205056
205312
205568
205824
206080
206336
206592
206848
207104
207360
207616
207872
208128
208384
208640
208896
209408
209664
209920
210176
210432
210688
210944
211200
211712
211968
212224
212480
212736
212992
213248
213504
214272
214528
215040
219392
219648
220160
220416
220672
220928
221184
221440
221696
221952
222208
222464
222720
222976
223232
223488
223744
224000
224256
224512
224768
225024
225280
225536
226560
226816
229632
230912
231168
231424
231680
231936
232192
232448
232704
232960
233216
234496
235520
235776
236032
239104
239360
239616
239872
240128
240384
240640
240896
241152
241408
241664
241920
242176
242432
242688
242944
243200
243456
243712
243968
244224
244480
244736
244992
245248
245504
245760
246016
246272
246528
246784
247040
247296
247552
247808
248064
248320
248576
248832
249088
249344
249600
249856
250112
250368
250880
251136
251392
251648
251904
252416
253440
253696
253952
254208
254464
254720
254976
255232
255488
255744
256000
256256
256512
256768
257024
257280
257536
257792
258048
258304
258560
258816
259072
259328
259584
259840
260096
260352
260608
260864
261120
261376
261632
261888
262144
262400
262656
262912
263168
263424
264448
264704
264960
265216
265472
265728
265984
266240
266496
267008
267264
267520
267776
268032
268288
268544
269056
269312
269568
269824
270080
270336
270592
270848
271104
271360
271616
271872
272128
272384
272896
273152
273408
273664
274432
274688
274944
275200
275456
276480
276736
276992
277248
278784
279040
279296
279552
279808
280064
280320
280576
280832
281088
281344
281600
282368
282624
282880
283136
283392
283648
283904
284160
284416
284672
284928
285184
285440
285696
285952
286208
286464
286720
286976
287232
287488
287744
288000
289280
290816
291072
291584
291840
292096
292352
292608
292864
293120
293376
293632
293888
294144
294400
294656
294912
295168
295424
295680
295936
296192
296448
296704
296960
297216
297472
297728
297984
302080
304896
305152
305664
305920
306176
306432
306688
306944
307200
307456
308480
308736
309760
310016
310784
311040
311552
311808
312064
312320
312576
312832
313600
313856
314112
315136
325632
326144
326400
326656
327936
328192
328448
328704
328960
329216
329472
329728
329984
330240
330496
330752
331008
331264
331520
331776
332032
332288
332544
332800
333056
333312
333568
333824
334080
334336
334592
334848
335104
335360
335616
335872
336128
336384
336640
336896
337152
337408
337664
337920
338176
338432
338688
338944
339200
339456
339712
339968
340224
340480
340736
340992
341248
341504
341760
342016
342272
343296
343552
343808
344064
344576
345088
345344
345856
346112
346368
346624
346880
347136
347392
347648
347904
348160
348416
348672
348928
349184
349440
349696
349952
350208
350464
350720
350976
351232
351488
351744
352000
352256
352512
352768
353024
353280
353536
353792
354048
354304
354560
354816
355072
355328
355584
355840
356096
356352
356608
356864
357120
357376
357632
357888
358144
358400
358656
358912
359168
359424
359680
359936
360192
360448
360704
360960
361216
361472
361728
361984
362240
362496
362752
363008
363264
363520
363776
364032
364288
364544
364800
365056
365312
365568
365824
366080
366336
366592
366848
367104
367360
367616
367872
368128
368384
368640
368896
369152
369408
369664
369920
370176
370432
370688
370944
371200
371456
371712
371968
372224
372480
372736
372992
373248
373504
373760
374016
374272
374528
374784
375040
375296
375552
375808
376064
376320
376576
376832
377088
377344
377600
377856
378112
378368
378624
378880
379136
379392
379648
379904
380160
380416
380672
380928
381184
381440
381696
381952
382208
382464
382720
382976
383232
383488
383744
384000
384256
384512
384768
385024
385280
385536
385792
386048
386304
386560
386816
387072
387328
387584
387840
388096
388352
388608
388864
389120
389376
389632
389888
390144
390400
390656
390912
391168
391424
391680
391936
392192
392448
392704
392960
393216
393472
393728
393984
394240
394496
394752
395008
395264
395520
395776
396032
396288
396544
396800
397056
397312
397568
397824
398080
398336
398592
398848
399104
399360
399616
399872
400128
400384
400640
400896
401152
401408
401664
401920
402176
402432
402688
402944
403200
403456
403712
403968
404224
404480
404736
404992
405248
405504
405760
406016
406272
406528
406784
407040
407296
407552
407808
408064
408320
408576
408832
409088
409344
409600
409856
410112
410368
410624
410880
411136
411392
411648
411904
412160
412416
412672
412928
413184
413440
413696
413952
414208
414464
414720
414976
415232
415488
415744
416000
416256
416512
416768
417024
417280
417536
417792
418048
418304
418560
418816
419072
419328
419584
419840
420096
420352
420608
420864
421120
421376
421632
421888
422144
422400
422656
422912
423168
423424
423680
423936
424192
424448
424704
424960
425216
425472
425728
425984
426240
426496
426752
427008
427264
427520
427776
428032
428288
428544
428800
429056
429312
429568
429824
430080
430336
430592
430848
431104
431360
431616
431872
432128
432384
432640
432896
433152
433408
433664
433920
434176
434432
434688
434944
435200
435456
435712
435968
436224
436480
436736
436992
437248
437504
437760
438016
438272
438528
438784
439040
439296
439552
439808
440064
440320
440576
440832
441088
441344
441600
441856
442112
442368
442624
442880
443136
443392
443648
443904
444160
444416
444672
444928
445184
445440
445696
445952
446208
446464
446720
446976
447232
447488
447744
448000
448256
448512
448768
449024
449280
449536
449792
450048
450304
450560
450816
451072
451328
451584
451840
452096
452352
452608
452864
453120
453376
453632
453888
454144
454400
454656
454912
455168
455424
455680
455936
456192
456448
456704
456960
457216
457472
457728
457984
458240
458496
458752
459008
459264
459520
459776
460032
460288
460544
460800
461056
461312
461568
461824
462080
462336
462592
462848
463104
463360
463616
463872
464128
464384
464640
464896
465152
465408
465664
465920
466176
466432
466688
466944
467200
467456
467712
467968
468224
468480
468736
468992
469248
469504
469760
470016
470272
470528
470784
471040
471296
471552
471808
472064
472320
472576
472832
473088
473344
473600
473856
474112
474368
474624
474880
475136
475392
475648
475904
476160
476416
476672
476928
477184
477440
477696
477952
478208
478464
478720
478976
479232
479488
479744
480000
480256
480512
480768
481024
481280
481536
481792
482048
482304
482560
482816
483072
483328
483584
483840
484096
484352
484608
484864
485120
485376
485632
485888
486144
486400
486656
486912
487168
487424
487680
487936
488192
488448
488704
488960
489216
489472
489728
489984
490240
490496
490752
491008
491264
491520
491776
492032
492288
492544
492800
493056
493312
493568
493824
494080
494336
494592
494848
495104
495360
495616
495872
496128
497152
498432
498688
499712
499968
500224
500480
500736
501248
501504
501760
502016
502272
502528
503040
503296
503552
503808
504064
504320
504576
504832
505088
505344
505856
506368
506624
507392
507648
507904
508160
508416
508672
508928
509184
509440
509696
509952
511488
511744
512000
512256
512512
512768
513024
513280
513536
513792
514048
514304
514560
514816
515072
515328
516096
516352
516608
516864
517120
517632
517888
518144
519680
519936
520192
522240
522496
523008
523520
524032
524288
524544
524800
525056
525312
525568
525824
526080
526336
529408
529664
529920
530176
530432
530688
530944
531712
531968
532480
532736
532992
533504
533760
534016
534272
534784
535296
535552
535808
537600
537856
538112
538368
538624
545536
545792
546304
548608
548864
549120
549376
549632
549888
550144
550400
550656
550912
551168
551936
552192
552448
552704
552960
555520
555776
556032
556288
556544
556800
557056
557312
557568
557824
558080
558336
558592
559104
559360
559616
559872
560128
560384
560640
560896
561152
561408
561664
561920
562176
562432
562688
562944
563200
563456
563712
563968
564224
564480
564736
564992
565248
565504
565760
566016
566272
566528
566784
567040
567296
567552
567808
568064
568320
568576
568832
569088
569344
569600
569856
570112
570368
570624
570880
571136
571392
571648
571904
572160
572416
572672
572928
573184
573440
573696
573952
574208
574464
574720
574976
575232
575488
575744
576000
576256
576512
576768
577024
577280
577536
577792
578304
578560
578816
579328
579584
580352
580608
581632
581888
582656
582912
583680
583936
584192
584448
584704
584960
585216
585472
585728
585984
587008
587264
587520
587776
588032
588544
588800
589056
589312
590848
592128
592384
592640
592896
593152
593408
593664
593920
594176
594432
594944
595200
595456
595712
595968
596224
597760
598016
598272
598528
598784
599040
599296
599552
599808
600320
600576
600832
601088
601344
601600
601856
602112
602368
602624
602880
603136
603392
603648
603904
604160
604416
604672
604928
605184
605440
605696
605952
606208
606464
606720
606976
607232
607488
607744
608000
608256
608768
609024
609280
609536
612352
612608
612864
613120
615168
615424
615936
616192
616448
616960
617216
617984
618240
618496
618752
619008
619264
620032
620288
620544
620800
621056
621312
622848
623104
623872
624128
624384
624896
625152
625408
625664
625920
626176
626432
626688
627200
627456
627712
627968
628224
628480
628736
628992
629248
630784
631040
633856
634112
634368
634624
634880
635136
635392
635648
636672
639488
643072
643328
643584
643840
644096
644352
644608
644864
645120
645376
646144
647936
648192
648448
649216
649472
649728
650496
650752
651520
651776
652032
652288
652544
652800
653056
653312
653568
653824
654080
654336
654848
655104
655360
655616
656640
656896
657152
657408
657664
657920
658176
658432
658688
658944
659200
659456
659968
660224
660480
660736
660992
661248
661504
661760
662016
662272
662528
662784
663040
663296
663552
663808
664064
664320
664576
664832
665088
665344
665600
665856
666112
666368
666624
666880
667136
667392
667648
667904
668160
668416
668672
668928
669184
669440
669696
669952
670208
670464
670720
670976
671232
671488
671744
672000
672256
672512
672768
673024
673280
673536
673792
674048
674304
674560
674816
675072
675328
675584
675840
676096
676352
676608
676864
677120
677376
677632
677888
678144
678400
678656
678912
679168
679424
679936
680192
680448
680704
680960
681216
681472
681728
681984
682240
682496
682752
683008
684288
684544
685824
686080
686336
687360
687616
687872
688128
688384
688640
688896
689152
689920
690176
690432
690688
690944
691200
691712
691968
692224
692480
692736
692992
693248
693504
693760
694016
694272
696320
696576
696832
697088
697344
697600
697856
698112
698368
698624
698880
699136
699392
699648
699904
700160
700416
700672
700928
701184
701440
701696
701952
702976
703232
704000
704256
704512
704768
705024
705280
705536
705792
706048
706560
706816
707072
707328
707584
707840
708096
708352
708608
708864
709120
709376
709632
709888
711936
712960
713216
713472
713728
713984
714240
714496
714752
715008
715264
715520
715776
716032
717056
717312
717568
718336
718592
718848
719104
719360
719616
719872
720128
720384
720640
720896
721152
721408
721664
721920
722176
722944
723200
723456
723712
723968
724224
724480
724736
724992
725248
725504
725760
726016
726272
726528
727296
727552
727808
728064
728320
728576
728832
729088
729344
729600
729856
730112
730368
730624
730880
731136
733440
734208
734464
734720
734976
735232
735488
735744
736000
736256
736512
736768
737024
737280
737536
737792
738048
738304
738816
739072
739328
739584
739840
740096
741376
741632
741888
742144
742400
742656
742912
743168
743680
743936
744192
744448
744704
744960
745216
745472
745728
745984
746240
746496
746752
747776
750848
751104
751360
751616
751872
752128
752640
752896
753152
753408
753664
753920
754176
754432
754688
754944
755200
755456
755712
755968
756224
756480
756736
756992
757248
757504
757760
758016
758272
758528
758784
759040
759296
759552
759808
760832
761088
761344
761600
761856
762112
762368
762624
762880
763136
763392
763648
763904
764160
764416
764672
764928
765184
765440
765696
765952
766208
766464
766720
766976
767232
767488
767744
768000
768256
768512
768768
769024
769280
769536
769792
770048
770304
770560
770816
771072
771328
771584
771840
772096
772352
772608
772864
773120
773376
773632
773888
774144
774400
776192
776448
776704
778752
779008
779264
779520
779776
780032
780288
780544
780800
781056
781312
781568
781824
782848
783104
783360
783616
783872
784128
784384
784640
785152
785408
785664
785920
786176
786432
786688
786944
787456
788992
789504
789760
790016
790272
790528
790784
791040
791296
791552
791808
792064
792320
792576
792832
793088
793344
793600
793856
794112
794368
794624
794880
795136
795392
795648
796416
796672
796928
797184
797440
797696
797952
798208
798464
798720
798976
799232
799488
799744
800000
800256
800512
800768
801024
801280
801536
801792
802048
802304
802560
802816
803072
803328
803584
804096
804608
804864
805120
805376
805888
806400
806656
806912
807168
810240
810496
810752
811008
811264
811520
812800
813056
814080
814336
814592
814848
815104
815360
815616
815872
816128
816384
816640
816896
817152
817408
817664
817920
818176
818432
818688
818944
819200
819456
819712
819968
820224
820480
820992
821248
821504
821760
822016
822272
822528
822784
823040
823296
823552
823808
824064
824320
827392
827648
827904
828160
828416
828672
828928
829184
829440
829696
829952
830208
830464
830720
830976
831232
831488
831744
832000
832256
833024
838912
839168
839424
839936
840192
841984
842240
842496
842752
843008
843264
843520
843776
844032
844288
844544
844800
845056
845312
847872
848128
848384
848640
848896
849152
849408
849664
849920
850176
850688
850944
851200
851456
851712
851968
852224
852480
852736
852992
853248
853504
853760
854016
854272
854528
854784
855040
855296
855552
855808
856064
856320
856576
856832
857088
857344
857600
857856
858112
858368
858624
858880
859136
859392
859904
860160
860416
860672
860928
861184
861440
861696
861952
862208
862464
862720
862976
863232
863488
863744
864000
864256
864512
864768
865024
865280
865536
865792
866048
866304
866560
866816
867072
867328
867584
867840
868096
868352
868608
868864
869120
869376
869632
869888
870400
870656
870912
871168
871424
871680
871936
872192
872448
872704
872960
873216
873472
873728
873984
874240
874496
874752
875008
875264
875520
875776
876032
876288
876544
876800
877056
877312
877568
877824
878080
878336
878592
878848
879104
879360
879616
879872
880128
880384
880640
880896
881152
881408
881920
882944
883200
883456
883712
883968
884224
884480
884736
884992
885248
885504
886528
886784
887040
887296
889344
889856
891136
891392
891648
891904
892160
892416
892672
892928
893696
893952
894208
894464
894720
894976
895232
895488
896256
896512
896768
897024
897280
897536
897792
898048
898304
898560
898816
899072
899328
899584
899840
900096
900352
900608
900864
901632
902400
902656
902912
903168
903424
903680
903936
904192
904448
904704
904960
905216
905472
905728
905984
906240
906496
906752
907008
907264
907520
907776
908032
908288
908544
908800
909056
909312
909568
909824
910080
910336
910592
910848
911104
911360
911616
911872
912128
912384
912640
912896
913152
913408
913664
913920
914176
914432
914688
914944
915200
915456
915712
915968
916224
916480
916736
916992
917248
917504
917760
918016
918272
918528
918784
919040
919296
919552
919808
920064
920320
920576
920832
921088
921344
921856
922112
922368
922624
922880
923136
923392
923648
923904
924160
924416
924672
924928
925184
925440
925696
925952
926208
926464
926720
926976
927232
927488
927744
928000
928256
928512
928768
929024
929280
929536
929792
930048
930304
930560
930816
931072
931328
931584
931840
932096
932352
932608
932864
933120
933376
933632
933888
934144
934400
934656
934912
935168
935424
935680
935936
936448
936704
936960
937216
937472
937728
937984
938240
938496
938752
939008
939264
939520
939776
940032
940288
940544
940800
941056
941312
941568
941824
942080
942336
942592
942848
943104
943360
943616
943872
944128
944384
944640
944896
945152
945408
945664
945920
946176
946432
946688
946944
947200
947456
947712
947968
948224
948480
948736
948992
949248
949504
949760
950016
950272
950528
950784
951040
951296
951552
951808
952064
952320
952576
952832
953088
953344
953600
953856
954112
954368
954624
954880
955136
955392
955648
955904
956160
956416
956672
956928
957184
957440
957696
957952
958208
958464
958720
958976
959232
959488
959744
960000
960256
960512
960768
961024
961280
961536
961792
962048
962304
962560
962816
963072
963328
963584
963840
964096
964352
964608
964864
965120
965376
965632
965888
966144
966400
966656
966912
967168
967424
967680
967936
968192
968448
968704
968960
969216
969472
969728
969984
970240
970496
970752
971008
971264
971520
971776
972032
972288
972544
972800
973056
973312
973568
973824
974080
974336
974592
974848
975104
975360
975616
975872
976128
976384
976640
976896
977152
977408
977664
977920
978176
978432
978688
978944
979200
979456
979712
979968
980224
980480
980736
980992
981248
981504
981760
982016
982272
982528
982784
983040
983296
983552
983808
984064
984320
984576
984832
985088
985344
985600
985856
986112
986368
986624
986880
987136
987392
987648
987904
988160
988416
988672
988928
989184
989440
989696
989952
990208
990464
990720
990976
991232
991488
991744
992000
992256
992512
992768
993024
993280
993536
993792
994048
994304
994560
994816
995072
995328
995584
995840
996096
996352
996608
996864
997120
997376
997632
997888
998144
998400
998656
998912
999168
999424
999680
