2736
4410
5292
5435
6456
48551
8733
7477
150
93
99
99
99
95
99
99
108
142
196
146
96
117
148
135
68
87
96
97
87
103
89
128
86
51
97
275
96
95
95
103
158
996
1378
99
19
17
16
16
14
13
13
13
12
182
184
145
68
60
59
57
56
56
52
51
50
48
48
46
45
45
45
44
44
44
44
42
39
38
38
35
35
34
32
32
30
27
26
24
52
99
99
98
99
149
99
98
129
96
121
94
124
130
128
135
135
98
98
97
98
76
97
96
96
94
100
94
268
103
99
495
106
318
95
1413
97
176
98
96
90
99
97
134
67
135
97
99
99
88
99
91
1009
137
116
202
100
342
99
188
138
54
97
342
58
91
133
98
104
401
90
89
65
179
103
240
99
103
100
98
143
177
96
94
115
76
122
69
132
99
94
85
96
108
76
657
97
99
99
128
99
882
142
99
127
59
262
967
838
58
149
2977
201
1076
99
58
119
148
126
126
56
218
97
92
98
203
519
253
5411
218
215
151
98
99
99
1024
121
68
96
94
155
85
84
114
102
145
99
110
97
98
238
99
203
1912
104
112
904
106
2713
150
128
192
224
226
97
213
52
103
98
108
102
103
98
93
99
178
310
84
240
118
107
99
94
83
55
487
380
339
173
124
238
83
56
99
96
96
96
97
266
136
428
211
216
100
119
98
411
105
99
69
68
96
50
96
95
65
66
945
98
99
198
64
135
93
116
140
99
593
99
99
244
108
94
94
87
59
158
98
264
99
153
441
131
119
142
102
186
98
99
96
93
100
93
104
128
131
108
99
99
104
128
98
96
108
99
115
147
121
99
99
151
171
479
130
115
136
250
80
101
105
258
192
127
56
98
98
108
108
684
99
345
4240
113
285
124
97
64
56
72
93
91
103
163
99
99
102
196
97
99
102
123
111
189
99
128
890
84
2617
1252
97
99
96
99
138
128
153
118
96
1160
787
98
97
2980
181
198
99
94
54
217
98
175
62
141
160
141
162
50
137
163
137
173
61
141
164
50
163
172
60
141
163
51
162
50
163
50
137
160
174
61
137
164
160
123
98
203
99
190
266
98
103
80
156
340
889
220
100
100
99
181
102
98
52
102
83
124
53
101
68
99
129
139
53
152
154
100
100
211
213
95
80
96
210
189
144
67
134
150
105
134
81
66
69
111
986
98
92
99
99
197
104
96
99
375
101
99
99
94
112
98
474
180
108
97
96
152
131
97
109
133
97
96
61
97
293
50
113
98
574
99
166
126
92
934
103
97
99
1359
155
72
99
97
99
228
99
99
122
99
110
547
129
99
156
123
165
53
116
108
99
85
125
166
97
98
98
124
184
106
102
97
130
94
1278
1285
98
379
197
134
110
99
102
132
98
104
99
118
120
98
120
98
67
186
109
236
187
100
149
99
122
243
91
3960
2777
98
259
52
163
111
97
92
99
103
805
100
898
92
615
98
272
127
96
99
83
96
754
192
136
864
10285
476
196
127
1199
102
99
252
187
102
93
95
99
96
99
99
99
99
99
99
106
94
96
144
14
54
125
99
210
97
102
64
64
137
86
96
107
154
97
128
97
95
96
159
104
63
146
108
114
129
98
98
97
90
124
81
185
95
77
76
76
1000
96
99
96
371
267
88
260
58
148
158
195
192
191
191
236
148
185
159
243
213
148
148
148
219
106
60
60
60
70
88
94
50
64
62
67
76
62
72
50
70
70
70
70
70
70
70
70
56
56
66
66
66
66
66
66
66
66
66
66
66
66
66
65
65
65
65
65
65
65
65
65
65
65
65
65
64
64
64
64
64
64
64
64
64
64
64
64
63
63
63
63
63
63
63
63
63
63
63
63
63
63
63
63
63
63
63
63
63
63
63
63
63
63
63
63
63
63
63
63
63
63
63
63
63
63
63
63
63
63
63
63
63
63
63
63
63
63
61
58
58
57
51
54
53
53
53
53
53
53
53
53
53
53
53
53
53
53
53
53
53
53
53
53
53
53
53
53
53
53
53
53
53
53
53
53
53
53
53
53
53
53
53
53
53
53
53
53
53
53
53
53
53
53
53
53
53
53
53
53
53
53
53
53
53
53
53
53
53
53
53
53
53
53
53
53
53
53
53
53
53
53
53
53
53
53
53
53
53
53
53
53
53
53
53
53
53
53
53
53
53
53
52
51
51
51
51
51
51
51
51
51
51
51
51
50
50
50
48
48
48
48
47
47
47
47
47
47
47
47
47
47
47
47
47
45
45
45
45
45
45
45
45
45
45
45
45
45
45
45
45
45
45
45
45
45
45
45
45
45
45
44
44
44
44
44
44
44
44
44
44
44
44
44
44
44
44
44
44
44
44
44
44
44
44
44
44
44
44
44
44
43
43
43
43
43
43
43
43
43
43
43
43
43
43
43
43
43
43
43
43
43
43
43
43
43
43
43
43
43
43
43
43
43
43
43
43
43
43
43
43
43
43
43
43
43
43
43
43
43
43
43
43
43
43
43
43
43
43
43
43
43
42
41
40
40
40
40
40
40
40
40
40
40
40
40
40
40
40
40
40
40
40
40
40
40
40
40
40
40
40
40
40
40
40
40
40
40
40
40
40
40
40
40
40
40
40
40
40
40
40
40
40
40
40
40
40
40
40
40
40
40
40
40
40
40
40
40
40
40
40
40
40
40
40
40
40
40
40
40
40
40
40
40
40
40
40
40
40
40
40
40
40
40
40
40
40
40
40
40
40
40
40
40
40
40
40
40
40
40
40
40
40
40
40
40
40
40
40
40
40
40
40
40
40
40
40
40
40
40
40
40
40
40
40
40
40
40
40
40
40
40
40
40
40
40
40
40
40
40
40
40
40
40
40
40
40
38
38
36
35
34
34
34
34
33
33
33
32
32
32
32
32
32
30
30
30
27
26
25
25
25
25
25
23
23
23
22
22
22
21
21
20
199
124
106
99
113
232
98
97
99
99
134
95
915
1103
132
1003
70
196
136
90
453
132
196
98
176
123
260
97
94
99
99
99
98
93
99
102
376
357
219
590
248
98
98
149
117
96
97
98
95
99
1375
57
94
90
104
99
99
99
119
99
197
104
98
92
114
99
560
141
99
98
126
437
138
94
1282
94
115
2000
98
420
318
485
98
91
93
88
93
89
98
148
97
2837
96
95
97
152
99
198
620
98
313
98
102
261
98
99
188
317
290
105
103
1663
238
155
98
99
6885
103
332
2108
97
170
78
119
165
116
82
64
98
95
580
128
110
187
97
2485
93
99
139
172
99
105
111
144
178
103
105
140
266
95
92
77
91
89
90
84
145
108
104
97
77
90
77
91
75
94
75
94
77
95
76
104
76
104
64
105
75
108
75
108
76
70
75
70
75
109
76
116
72
117
74
118
75
118
75
135
74
137
67
141
76
80
97
75
80
67
98
76
137
76
99
95
96
75
70
75
70
74
70
70
70
74
283
93
76
455
75
674
68
781
76
763
54
683
98
110
75
96
67
120
99
98
145
998
72
127
61
156
305
250
145
189
1292
1203
67
97
99
97
94
93
98
99
242
391
99
204
136
138
133
1492
74
80
92
90
95
94
97
62
422
109
251
98
99
99
99
100
118
94
96
141
99
97
69
98
98
97
105
98
91
79
69
108
97
124
95
117
92
89
105
100
287
60
99
99
2571
185
99
97
1824
87
447
96
144
454
107
645
97
92
91
85
86
750
107
159
127
97
99
1362
97
628
98
60
444
96
100
99
99
171
99
99
343
100
157
106
95
134
178
102
68
1305
180
2671
98
123
92
95
92
90
91
883
2567
3540
85
142
94
99
171
99
95
103
92
579
1537
99
96
684
95
99
573
99
579
99
101
103
110
99
107
96
94
94
75
104
263
95
98
142
928
94
99
99
90
133
99
159
99
189
81
179
308
90
99
99
192
103
95
97
97
78
116
68
115
67
181
93
97
93
93
97
96
96
58
99
99
98
98
95
215
103
108
92
117
97
105
103
95
91
125
132
142
89
152
151
150
151
126
96
100
92
97
207
175
91
160
160
136
99
144
116
94
96
89
105
97
89
102
89
85
159
101
143
124
122
154
146
114
317
102
105
101
96
159
113
96
96
94
55
92
136
1129
98
1102
127
234
851
99
115
169
187
130
94
98
759
97
97
94
82
224
312
121
126
96
95
52
125
121
134
200
107
1971
97
106
190
69
97
91
98
98
125
138
188
115
140
99
92
91
57
159
103
109
109
95
840
55
562
99
244
121
98
119
117
107
56
317
97
90
92
92
129
99
101
107
96
98
101
110
102
2039
930
103
194
101
94
169
99
158
97
97
113
97
98
811
97
118
552
99
99
99
86
86
97
97
101
89
89
98
69
99
99
99
587
98
71
98
102
88
96
98
98
97
99
99
98
174
94
641
94
98
125
81
65
150
98
148
98
99
89
97
98
99
75
2113
528
95
95
101
227
111
52
99
99
207
105
92
99
98
139
122
101
403
93
112
192
89
104
1029
177
107
97
97
98
94
51
272
99
98
92
99
96
117
98
106
84
97
83
97
922
2941
97
99
182
108
186
508
99
98
240
92
55
93
96
100
99
155
97
50
190
202
208
201
97
97
102
99
99
151
100
99
100
97
100
111
856
90
95
149
238
102
84
96
90
97
98
97
94
99
95
163
99
99
197
89
99
92
98
97
135
117
99
99
85
177
107
53
93
50
122
51
51
52
50
99
58
188
185
50
89
99
96
139
97
123
98
97
169
50
1745
100
98
2000
94
107
76
180
93
93
98
98
168
93
99
63
993
128
91
92
56
107
99
98
310
57
69
89
174
228
114
179
495
1505
317
99
97
96
101
183
113
98
139
97
247
110
95
138
52
56
98
98
249
99
104
50
125
97
91
715
92
93
99
97
98
99
99
203
99
98
101
101
51
96
98
113
108
98
125
220
99
204
98
97
89
52
84
97
482
295
119
118
99
259
407
91
95
94
2924
96
97
116
104
129
1103
99
829
101
129
96
89
105
113
118
136
99
54
96
96
156
99
99
100
99
99
155
98
172
104
113
151
191
257
100
102
56
76
96
97
99
97
96
99
97
92
99
2893
56
104
98
133
97
113
161
169
121
99
50
98
61
51
111
50
97
51
50
539
5708
99
76
268
98
1788
99
98
99
203
100
97
94
96
92
149
84
133
109
2496
132
62
99
107
117
124
166
163
209
321
108
234
77
97
99
67
124
98
144
111
84
59
213
99
122
92
98
204
113
98
147
99
51
98
64
127
120
97
132
56
86
96
97
121
470
105
96
95
98
97
99
77
97
99
94
133
225
129
98
98
170
98
97
92
96
92
99
99
176
101
96
90
94
93
156
92
169
104
92
98
103
59
173
99
257
99
99
99
99
99
99
121
91
53
90
56
55
194
93
98
94
61
93
51
67
94
61
98
98
99
92
98
96
153
100
181
178
101
51
99
62
51
50
97
95
97
57
50
352
927
99
98
186
92
130
98
98
108
108
99
781
93
97
74
1940
302
1072
93
96
123
97
50
99
50
667
99
208
99
175
99
188
98
619
99
88
99
81
163
90
93
83
185
98
92
92
99
99
98
99
56
98
658
624
99
102
95
141
156
99
97
98
96
98
97
95
93
96
96
99
96
99
99
99
50
96
96
99
99
99
99
99
99
99
99
91
93
92
139
97
125
97
64
99
108
109
136
157
69
105
95
195
115
106
97
67
196
81
93
57
133
56
96
97
186
99
90
98
91
79
55
67
69
89
100
94
187
96
258
154
184
97
171
115
65
65
147
105
99
95
94
94
95
92
94
94
93
90
98
87
90
55
81
60
66
66
66
63
60
59
54
53
51
46
40
35
14
14
14
14
14
14
14
14
14
14
14
14
14
14
75
120
58
99
319
98
95
100
72
98
250
103
105
91
234
136
67
167
88
151
177
177
157
63
56
81
56
63
50
121
115
111
111
108
105
97
97
97
97
97
97
93
93
91
84
84
84
81
81
79
72
70
69
68
54
59
50
64
64
63
61
60
60
60
59
59
59
59
59
59
59
59
59
59
59
59
59
59
59
59
59
59
59
59
59
59
59
58
58
58
58
58
58
58
58
57
57
57
57
57
57
57
57
57
57
57
57
57
57
57
57
57
57
57
57
57
57
57
57
57
57
56
56
56
56
56
56
56
56
55
54
54
54
54
54
50
50
53
53
53
53
53
52
52
52
52
52
52
52
52
52
51
51
51
51
51
51
51
51
51
51
51
51
50
50
50
50
50
50
50
50
50
49
49
49
49
49
48
48
48
48
48
48
48
48
48
48
48
48
48
48
48
47
46
46
46
46
46
46
46
46
46
45
45
45
45
45
44
44
44
44
43
43
43
43
43
43
42
42
42
42
42
42
40
39
38
38
37
37
36
36
35
34
34
32
31
30
28
27
27
27
26
26
25
25
25
25
23
21
20
16
12
